Mönch
Karesh
1
0
10
15
10
5
5
1
0
MönchKaresh101015105551MönchKaresh12101510551MönchKaresh101015105551MönchKaresh12101510551MönchKaresh101015105551MönchKaresh12101510551MönchKaresh1010151055101MönchKaresh15101510551MönchKaresh101015105551MönchKaresh12101510551MönchKaresh101015105551MönchKaresh12101510551MönchKaresh101015105551MönchKaresh12101510551MönchKaresh1010151055101MönchKaresh15101510551MönchKaresh101015105551MönchKaresh12101510551MönchKaresh101015105551MönchKaresh12101510551MönchKaresh101015105551MönchKaresh12101510551MönchKaresh101015105551MönchKaresh12101510551MönchKaresh101015105551MönchKaresh12101510551MönchKaresh101015105551MönchKaresh12101510551MönchKaresh101015105551MönchKaresh12101510551MönchKaresh101015105551MönchKaresh12101510551MönchKaresh101015105551MönchKaresh12101510551MönchKaresh101015105551MönchKaresh12101510551MönchKaresh101015105551MönchKaresh12101510551MönchKaresh101015105551MönchKaresh12101510551MönchKaresh1010151055101MönchKaresh15101510551MönchKaresh101015105551MönchKaresh12101510551MönchKaresh1010151055101MönchKaresh15101510551MönchKaresh1010151055101MönchKaresh15101510551MönchKaresh101015105551MönchKaresh12101510551MönchKaresh101015105551MönchKaresh12101510551MönchKaresh101015105551MönchKaresh12101510551MönchKaresh1010151055101MönchKaresh15101510551MönchKaresh101015105551MönchKaresh12101510551MönchKaresh101015105551MönchKaresh12101510551MönchKaresh101015105551MönchKaresh12101510551MönchKaresh1010151055101MönchKaresh15101510551MönchKaresh101015105551MönchKaresh12101510551MönchKaresh101015105551MönchKaresh12101510551MönchKaresh1010151055101MönchKaresh15101510551MönchKaresh1010151055151MönchKaresh17101510551MönchKaresh101015105551MönchKaresh12101510551MönchKaresh1010151055151MönchKaresh17101510551MönchKaresh1010151055151MönchKaresh17101510551MönchKaresh1010151055151MönchKaresh17101510551